# z(km) rho (gr/cc)
#
0	2.84
15	2.84
15	3.313
60	3.332
60	3.332
100	3.348
200	3.387
300	3.424
350	3.441
350	3.7
400	3.775
413	3.795
500	3.925
600	4.075
650	4.15
650	4.2
800	4.38
984	4.529
1000	4.538
1200	4.655
1400	4.768
1600	4.877
1800	4.983
2000	5.087
2200	5.188
2400	5.288		 
2600    5.387
2800    5.487
2878    5.527
2878    9.927
3000    10.121
3200    10.421
3400    10.697
3600    10.948
3800    11.176
4000    11.383
4200    11.57
4400    11.737
4600    11.887
4800    12.017
4982    12.121
5000    12.13
5121    12.197
5121    12.197
5200    12.229
5400    12.301
5600    12.36
5800    12.405
6000    12.437
6200    12.455
6371    12.46
